{
	"start":	{
		"connected":	[{
				"socket":	6,
				"local_host":	"2001:1:1:1::1:1",
				"local_port":	32001,
				"remote_host":	"2001:1:1:1::2:2",
				"remote_port":	42001
			}],
		"version":	"iperf 3.7",
		"system_info":	"Linux deba 5.8.0-63-generic #71~20.04.1-Ubuntu SMP Thu Jul 15 17:46:08 UTC 2021 x86_64",
		"timestamp":	{
			"time":	"Sat, 24 Jul 2021 21:53:27 GMT",
			"timesecs":	1627163607
		},
		"connecting_to":	{
			"host":	"2001:1:1:1:0:0000:0002:0002",
			"port":	42001
		},
		"cookie":	"h2ffuezm7dw5iq6ezufvy4t5kowjdmtdlc7c",
		"tcp_mss":	1400,
		"sock_bufsize":	16384,
		"sndbuf_actual":	32768,
		"rcvbuf_actual":	32768,
		"test_start":	{
			"protocol":	"TCP",
			"num_streams":	1,
			"blksize":	1400,
			"omit":	0,
			"duration":	0,
			"bytes":	52224,
			"blocks":	0,
			"reverse":	0,
			"tos":	4
		}
	},
	"intervals":	[{
			"streams":	[{
					"socket":	6,
					"start":	0,
					"end":	1.000269,
					"seconds":	1.0002690553665161,
					"bytes":	27880,
					"bits_per_second":	222980.00603275109,
					"retransmits":	6,
					"snd_cwnd":	4164,
					"rtt":	242390,
					"rttvar":	77480,
					"pmtu":	1500,
					"omitted":	false,
					"sender":	true
				}],
			"sum":	{
				"start":	0,
				"end":	1.000269,
				"seconds":	1.0002690553665161,
				"bytes":	27880,
				"bits_per_second":	222980.00603275109,
				"retransmits":	6,
				"omitted":	false,
				"sender":	true
			}
		}, {
			"streams":	[{
					"socket":	6,
					"start":	1.000269,
					"end":	2.000628,
					"seconds":	1.000359058380127,
					"bytes":	14000,
					"bits_per_second":	111959.79989561015,
					"retransmits":	5,
					"snd_cwnd":	5552,
					"rtt":	244497,
					"rttvar":	87473,
					"pmtu":	1500,
					"omitted":	false,
					"sender":	true
				}],
			"sum":	{
				"start":	1.000269,
				"end":	2.000628,
				"seconds":	1.000359058380127,
				"bytes":	14000,
				"bits_per_second":	111959.79989561015,
				"retransmits":	5,
				"omitted":	false,
				"sender":	true
			}
		}, {
			"streams":	[{
					"socket":	6,
					"start":	2.000628,
					"end":	2.707302,
					"seconds":	0.70667397975921631,
					"bytes":	14000,
					"bits_per_second":	158488.92588087302,
					"retransmits":	3,
					"snd_cwnd":	4164,
					"rtt":	221240,
					"rttvar":	75965,
					"pmtu":	1500,
					"omitted":	false,
					"sender":	true
				}],
			"sum":	{
				"start":	2.000628,
				"end":	2.707302,
				"seconds":	0.70667397975921631,
				"bytes":	14000,
				"bits_per_second":	158488.92588087302,
				"retransmits":	3,
				"omitted":	false,
				"sender":	true
			}
		}],
	"end":	{
		"streams":	[{
				"sender":	{
					"socket":	6,
					"start":	0,
					"end":	2.707302,
					"seconds":	2.707302,
					"bytes":	55880,
					"bits_per_second":	165123.80222080878,
					"retransmits":	14,
					"max_snd_cwnd":	5552,
					"max_rtt":	244497,
					"min_rtt":	221240,
					"mean_rtt":	236042,
					"sender":	true
				},
				"receiver":	{
					"socket":	6,
					"start":	0,
					"end":	2.756806,
					"seconds":	2.707302,
					"bytes":	29268,
					"bits_per_second":	84933.0710974947,
					"sender":	true
				}
			}],
		"sum_sent":	{
			"start":	0,
			"end":	2.707302,
			"seconds":	2.707302,
			"bytes":	55880,
			"bits_per_second":	165123.80222080878,
			"retransmits":	14,
			"sender":	true
		},
		"sum_received":	{
			"start":	0,
			"end":	2.756806,
			"seconds":	2.756806,
			"bytes":	29268,
			"bits_per_second":	84933.0710974947,
			"sender":	true
		},
		"cpu_utilization_percent":	{
			"host_total":	8.6456628270282554,
			"host_user":	3.3013091946480619,
			"host_system":	5.3442468051308065,
			"remote_total":	0.0041982061181084981,
			"remote_user":	0.0041960206906654423,
			"remote_system":	0
		},
		"sender_tcp_congestion":	"dctcp-reno",
		"receiver_tcp_congestion":	"dctcp-reno"
	}
}
