{
	"start":	{
		"connected":	[{
				"socket":	6,
				"local_host":	"2001:1:1:1::1:3",
				"local_port":	32001,
				"remote_host":	"2001:1:1:1::2:0",
				"remote_port":	42001
			}],
		"version":	"iperf 3.7",
		"system_info":	"Linux deba 5.8.0-63-generic #71~20.04.1-Ubuntu SMP Thu Jul 15 17:46:08 UTC 2021 x86_64",
		"timestamp":	{
			"time":	"Sat, 24 Jul 2021 03:41:54 GMT",
			"timesecs":	1627098114
		},
		"connecting_to":	{
			"host":	"2001:1:1:1:0:0000:0002:0000",
			"port":	42001
		},
		"cookie":	"77276xpujadvec3lrxyrz4c4od4pdc33wyut",
		"tcp_mss":	1400,
		"sock_bufsize":	16384,
		"sndbuf_actual":	32768,
		"rcvbuf_actual":	32768,
		"test_start":	{
			"protocol":	"TCP",
			"num_streams":	1,
			"blksize":	1400,
			"omit":	0,
			"duration":	0,
			"bytes":	52224,
			"blocks":	0,
			"reverse":	0,
			"tos":	4
		}
	},
	"intervals":	[{
			"streams":	[{
					"socket":	6,
					"start":	0,
					"end":	1.000422,
					"seconds":	1.0004220008850098,
					"bytes":	24996,
					"bits_per_second":	199883.64892325542,
					"retransmits":	3,
					"snd_cwnd":	8328,
					"rtt":	516434,
					"rttvar":	127908,
					"pmtu":	1500,
					"omitted":	false,
					"sender":	true
				}],
			"sum":	{
				"start":	0,
				"end":	1.000422,
				"seconds":	1.0004220008850098,
				"bytes":	24996,
				"bits_per_second":	199883.64892325542,
				"retransmits":	3,
				"omitted":	false,
				"sender":	true
			}
		}, {
			"streams":	[{
					"socket":	6,
					"start":	1.000422,
					"end":	2.000269,
					"seconds":	0.99984699487686157,
					"bytes":	14000,
					"bits_per_second":	112017.13919617633,
					"retransmits":	7,
					"snd_cwnd":	6940,
					"rtt":	456390,
					"rttvar":	63773,
					"pmtu":	1500,
					"omitted":	false,
					"sender":	true
				}],
			"sum":	{
				"start":	1.000422,
				"end":	2.000269,
				"seconds":	0.99984699487686157,
				"bytes":	14000,
				"bits_per_second":	112017.13919617633,
				"retransmits":	7,
				"omitted":	false,
				"sender":	true
			}
		}, {
			"streams":	[{
					"socket":	6,
					"start":	2.000269,
					"end":	2.449819,
					"seconds":	0.44955000281333923,
					"bytes":	14000,
					"bits_per_second":	249138.02535666825,
					"retransmits":	0,
					"snd_cwnd":	13880,
					"rtt":	452747,
					"rttvar":	61052,
					"pmtu":	1500,
					"omitted":	false,
					"sender":	true
				}],
			"sum":	{
				"start":	2.000269,
				"end":	2.449819,
				"seconds":	0.44955000281333923,
				"bytes":	14000,
				"bits_per_second":	249138.02535666825,
				"retransmits":	0,
				"omitted":	false,
				"sender":	true
			}
		}],
	"end":	{
		"streams":	[{
				"sender":	{
					"socket":	6,
					"start":	0,
					"end":	2.449819,
					"seconds":	2.449819,
					"bytes":	52996,
					"bits_per_second":	173060.94858436479,
					"retransmits":	10,
					"max_snd_cwnd":	13880,
					"max_rtt":	516434,
					"min_rtt":	452747,
					"mean_rtt":	475190,
					"sender":	true
				},
				"receiver":	{
					"socket":	6,
					"start":	0,
					"end":	4.184742,
					"seconds":	2.449819,
					"bytes":	38876,
					"bits_per_second":	74319.5159940565,
					"sender":	true
				}
			}],
		"sum_sent":	{
			"start":	0,
			"end":	2.449819,
			"seconds":	2.449819,
			"bytes":	52996,
			"bits_per_second":	173060.94858436479,
			"retransmits":	10,
			"sender":	true
		},
		"sum_received":	{
			"start":	0,
			"end":	4.184742,
			"seconds":	4.184742,
			"bytes":	38876,
			"bits_per_second":	74319.5159940565,
			"sender":	true
		},
		"cpu_utilization_percent":	{
			"host_total":	19.739797796249071,
			"host_user":	7.4559347924714983,
			"host_system":	12.28385111153791,
			"remote_total":	0.0029429789070440074,
			"remote_user":	0,
			"remote_system":	0.0029388044688779874
		},
		"sender_tcp_congestion":	"cubic",
		"receiver_tcp_congestion":	"cubic"
	}
}
