{
	"start":	{
		"connected":	[{
				"socket":	6,
				"local_host":	"2001:1:1:1::1:0",
				"local_port":	32001,
				"remote_host":	"2001:1:1:1::2:1",
				"remote_port":	42001
			}],
		"version":	"iperf 3.7",
		"system_info":	"Linux deba 5.8.0-63-generic #71~20.04.1-Ubuntu SMP Thu Jul 15 17:46:08 UTC 2021 x86_64",
		"timestamp":	{
			"time":	"Sat, 24 Jul 2021 21:46:01 GMT",
			"timesecs":	1627163161
		},
		"connecting_to":	{
			"host":	"2001:1:1:1:0:0000:0002:0001",
			"port":	42001
		},
		"cookie":	"ng4w4kxjlrary7s2dognnivu4hhofssda5uh",
		"tcp_mss":	1400,
		"sock_bufsize":	16384,
		"sndbuf_actual":	32768,
		"rcvbuf_actual":	32768,
		"test_start":	{
			"protocol":	"TCP",
			"num_streams":	1,
			"blksize":	1400,
			"omit":	0,
			"duration":	0,
			"bytes":	52224,
			"blocks":	0,
			"reverse":	0,
			"tos":	4
		}
	},
	"intervals":	[{
			"streams":	[{
					"socket":	6,
					"start":	0,
					"end":	1.000479,
					"seconds":	1.000478982925415,
					"bytes":	26384,
					"bits_per_second":	210970.9485179013,
					"retransmits":	6,
					"snd_cwnd":	8328,
					"rtt":	259456,
					"rttvar":	44710,
					"pmtu":	1500,
					"omitted":	false,
					"sender":	true
				}],
			"sum":	{
				"start":	0,
				"end":	1.000479,
				"seconds":	1.000478982925415,
				"bytes":	26384,
				"bits_per_second":	210970.9485179013,
				"retransmits":	6,
				"omitted":	false,
				"sender":	true
			}
		}, {
			"streams":	[{
					"socket":	6,
					"start":	1.000479,
					"end":	1.8822649999999999,
					"seconds":	0.88178598880767822,
					"bytes":	28000,
					"bits_per_second":	254029.89256257674,
					"retransmits":	6,
					"snd_cwnd":	4164,
					"rtt":	228448,
					"rttvar":	81885,
					"pmtu":	1500,
					"omitted":	false,
					"sender":	true
				}],
			"sum":	{
				"start":	1.000479,
				"end":	1.8822649999999999,
				"seconds":	0.88178598880767822,
				"bytes":	28000,
				"bits_per_second":	254029.89256257674,
				"retransmits":	6,
				"omitted":	false,
				"sender":	true
			}
		}],
	"end":	{
		"streams":	[{
				"sender":	{
					"socket":	6,
					"start":	0,
					"end":	1.8822649999999999,
					"seconds":	1.8822649999999999,
					"bytes":	54384,
					"bits_per_second":	231142.7987026269,
					"retransmits":	12,
					"max_snd_cwnd":	8328,
					"max_rtt":	259456,
					"min_rtt":	228448,
					"mean_rtt":	243952,
					"sender":	true
				},
				"receiver":	{
					"socket":	6,
					"start":	0,
					"end":	2.093838,
					"seconds":	1.8822649999999999,
					"bytes":	27772,
					"bits_per_second":	106109.45068338621,
					"sender":	true
				}
			}],
		"sum_sent":	{
			"start":	0,
			"end":	1.8822649999999999,
			"seconds":	1.8822649999999999,
			"bytes":	54384,
			"bits_per_second":	231142.7987026269,
			"retransmits":	12,
			"sender":	true
		},
		"sum_received":	{
			"start":	0,
			"end":	2.093838,
			"seconds":	2.093838,
			"bytes":	27772,
			"bits_per_second":	106109.45068338621,
			"sender":	true
		},
		"cpu_utilization_percent":	{
			"host_total":	13.332365124772327,
			"host_user":	4.5933390804061673,
			"host_system":	8.738992734438602,
			"remote_total":	0.0029604309982236314,
			"remote_user":	0.0029604309982236314,
			"remote_system":	0
		},
		"sender_tcp_congestion":	"dctcp-reno",
		"receiver_tcp_congestion":	"dctcp-reno"
	}
}
