{
	"start":	{
		"connected":	[{
				"socket":	6,
				"local_host":	"2001:1:1:1::3",
				"local_port":	32001,
				"remote_host":	"2001:1:1:1::1:0",
				"remote_port":	42001
			}],
		"version":	"iperf 3.7",
		"system_info":	"Linux deba 5.8.0-63-generic #71~20.04.1-Ubuntu SMP Thu Jul 15 17:46:08 UTC 2021 x86_64",
		"timestamp":	{
			"time":	"Sat, 24 Jul 2021 21:45:57 GMT",
			"timesecs":	1627163157
		},
		"connecting_to":	{
			"host":	"2001:1:1:1:0:0000:0001:0000",
			"port":	42001
		},
		"cookie":	"pbqw4baqup3yr7qb5jzmlymhf6m3hnacmps6",
		"tcp_mss":	1400,
		"sock_bufsize":	16384,
		"sndbuf_actual":	32768,
		"rcvbuf_actual":	32768,
		"test_start":	{
			"protocol":	"TCP",
			"num_streams":	1,
			"blksize":	1400,
			"omit":	0,
			"duration":	0,
			"bytes":	52224,
			"blocks":	0,
			"reverse":	0,
			"tos":	4
		}
	},
	"intervals":	[{
			"streams":	[{
					"socket":	6,
					"start":	0,
					"end":	1.000764,
					"seconds":	1.000764012336731,
					"bytes":	26384,
					"bits_per_second":	210910.86149986356,
					"retransmits":	6,
					"snd_cwnd":	2776,
					"rtt":	165893,
					"rttvar":	82679,
					"pmtu":	1500,
					"omitted":	false,
					"sender":	true
				}],
			"sum":	{
				"start":	0,
				"end":	1.000764,
				"seconds":	1.000764012336731,
				"bytes":	26384,
				"bits_per_second":	210910.86149986356,
				"retransmits":	6,
				"omitted":	false,
				"sender":	true
			}
		}, {
			"streams":	[{
					"socket":	6,
					"start":	1.000764,
					"end":	1.439796,
					"seconds":	0.43903198838233948,
					"bytes":	27760,
					"bits_per_second":	505840.13437899505,
					"retransmits":	3,
					"snd_cwnd":	5552,
					"rtt":	129922,
					"rttvar":	73088,
					"pmtu":	1500,
					"omitted":	false,
					"sender":	true
				}],
			"sum":	{
				"start":	1.000764,
				"end":	1.439796,
				"seconds":	0.43903198838233948,
				"bytes":	27760,
				"bits_per_second":	505840.13437899505,
				"retransmits":	3,
				"omitted":	false,
				"sender":	true
			}
		}],
	"end":	{
		"streams":	[{
				"sender":	{
					"socket":	6,
					"start":	0,
					"end":	1.439796,
					"seconds":	1.439796,
					"bytes":	54144,
					"bits_per_second":	300842.61937107757,
					"retransmits":	9,
					"max_snd_cwnd":	5552,
					"max_rtt":	165893,
					"min_rtt":	129922,
					"mean_rtt":	147907,
					"sender":	true
				},
				"receiver":	{
					"socket":	6,
					"start":	0,
					"end":	1.4849809999999999,
					"seconds":	1.439796,
					"bytes":	24996,
					"bits_per_second":	134660.30878509558,
					"sender":	true
				}
			}],
		"sum_sent":	{
			"start":	0,
			"end":	1.439796,
			"seconds":	1.439796,
			"bytes":	54144,
			"bits_per_second":	300842.61937107757,
			"retransmits":	9,
			"sender":	true
		},
		"sum_received":	{
			"start":	0,
			"end":	1.4849809999999999,
			"seconds":	1.4849809999999999,
			"bytes":	24996,
			"bits_per_second":	134660.30878509558,
			"sender":	true
		},
		"cpu_utilization_percent":	{
			"host_total":	26.155165710708083,
			"host_user":	9.5319000686674489,
			"host_system":	16.623328755503493,
			"remote_total":	0.0051072861020082924,
			"remote_user":	0.005112099755261835,
			"remote_system":	0
		},
		"sender_tcp_congestion":	"dctcp-reno",
		"receiver_tcp_congestion":	"dctcp-reno"
	}
}
